predict_time:0:00:17.680775
max16778719
max:
[16778719.92124311]
split_time
0:01:01.732934
len_sorted_list10609461
len_waited_list6167755
quick_sort_time
0:00:53.835427
merge_time:
0:00:09.828541
total_sort_time:0:02:33.226643
certifing
(16777216,)
sorted


[<tf.Variable 'dense_1/kernel:0' shape=(1, 8) dtype=float64_ref>, <tf.Variable 'dense_1/bias:0' shape=(8,) dtype=float64_ref>, <tf.Variable 'dense_2/kernel:0' shape=(8, 4) dtype=float64_ref>, <tf.Variable 'dense_2/bias:0' shape=(4,) dtype=float64_ref>, <tf.Variable 'logits/kernel:0' shape=(4, 1) dtype=float64_ref>, <tf.Variable 'logits/bias:0' shape=(1,) dtype=float64_ref>]
sess.run(layer_1_kernel_0):[[-0.50576943  2.03621863  2.09742081  2.64944113  2.60491449 -0.75776962
   2.32926613  2.25984181]]
sess.run(layer_1_bias_0):[0.         2.93117864 2.7993711  3.13078498 3.02763432 0.
 2.94214404 2.98127249]
sess.run(y_1):[[0.00000000e+00 3.24989369e+00 3.12766570e+00 3.54548345e+00
  3.43536335e+00 0.00000000e+00 3.30672776e+00 3.33498971e+00]
 [0.00000000e+00 5.35871558e+03 5.51956142e+03 6.97184980e+03
  6.85463002e+03 0.00000000e+00 6.12951767e+03 5.94695278e+03]
 [0.00000000e+00 1.03893249e+05 1.07015726e+05 1.35180796e+05
  1.32908891e+05 0.00000000e+00 1.18844895e+05 1.15302822e+05]
 [0.00000000e+00 1.86441348e+05 1.92044956e+05 2.42588875e+05
  2.38511864e+05 0.00000000e+00 2.13273111e+05 2.06916583e+05]
 [0.00000000e+00 1.32979727e+04 1.36974471e+04 1.73020737e+04
  1.70112437e+04 0.00000000e+00 1.52113729e+04 1.47581212e+04]
 [0.00000000e+00 8.89946445e+04 9.16693173e+04 1.15795366e+05
  1.13849252e+05 0.00000000e+00 1.01802121e+05 9.87680115e+04]
 [0.00000000e+00 1.91024786e+04 1.96764178e+04 2.48546501e+04
  2.44368911e+04 0.00000000e+00 2.18512488e+04 2.12000940e+04]
 [0.00000000e+00 7.26941036e+04 7.48788345e+04 9.45857945e+04
  9.29961305e+04 0.00000000e+00 8.31556466e+04 8.06772999e+04]]
sess.run(layer_2_kernel_0):[[ 0.57422393 -0.3848801  -0.60409736  0.51811529]
 [ 2.465869    2.81104282  0.44264842  0.49442749]
 [ 2.1167333   1.82141884  0.24359694  0.27891326]
 [ 2.36892042  1.93137867 -0.21772698  0.48934407]
 [ 2.10815548  2.01315346  0.30811136 -0.40674424]
 [-0.63525116  0.56558919  0.64286798 -0.60126456]
 [ 2.01626607  2.31158065 -0.80258445 -0.49824434]
 [ 2.25109864  2.63684997  0.07110451 -0.4531907 ]]
sess.run(layer_2_bias_0):[ 2.67944236  2.43462482 -0.07868605  0.        ]
sess.run(y_2):[[4.71295706e+01 4.74682245e+01 0.00000000e+00 0.00000000e+00]
 [8.16123085e+04 8.22342476e+04 0.00000000e+00 0.00000000e+00]
 [1.58231968e+06 1.59437837e+06 0.00000000e+00 0.00000000e+00]
 [2.83954938e+06 2.86118929e+06 0.00000000e+00 0.00000000e+00]
 [2.02529324e+05 2.04072760e+05 0.00000000e+00 0.00000000e+00]
 [1.35540994e+06 1.36573937e+06 0.00000000e+00 0.00000000e+00]
 [2.90933506e+05 2.93150662e+05 0.00000000e+00 0.00000000e+00]
 [1.10714833e+06 1.11558578e+06 0.00000000e+00 0.00000000e+00]]
sess.run(logits_kernel_0):[[ 2.47912609]
 [ 2.90899909]
 [-1.04865482]
 [-0.63002967]]
sess.run(logits_bias_0):[1.99890918]
sess.run(logits_output):[[2.56924079e+02]
 [4.41548554e+05]
 [8.56081723e+06]
 [1.53628000e+07]
 [1.09574521e+06]
 [7.33316872e+06]
 [1.57403785e+06]
 [5.99000032e+06]]

[1*8][8*4][4*1]
