[<tf.Variable 'dense_1/kernel:0' shape=(1, 8) dtype=float64_ref>, <tf.Variable 'dense_1/bias:0' shape=(8,) dtype=float64_ref>, <tf.Variable 'dense_2/kernel:0' shape=(8, 4) dtype=float64_ref>, <tf.Variable 'dense_2/bias:0' shape=(4,) dtype=float64_ref>, <tf.Variable 'logits/kernel:0' shape=(4, 1) dtype=float64_ref>, <tf.Variable 'logits/bias:0' shape=(1,) dtype=float64_ref>]
sess.run(layer_1_kernel_0):[[ 2.3455408  -0.74231552  2.16772163 -0.01084575 -0.52288835 -0.63690725
  -0.03994735  2.07411441]]
sess.run(layer_1_bias_0):[ 6.61043382  0.          6.68021949 -0.06063519  0.          0.
  0.          6.73466073]
sess.run(y_1):[[6.97756490e+00 0.00000000e+00 7.01951779e+00 0.00000000e+00
  0.00000000e+00 0.00000000e+00 0.00000000e+00 7.05930734e+00]
 [6.17599259e+03 0.00000000e+00 5.70835172e+03 0.00000000e+00
  0.00000000e+00 0.00000000e+00 0.00000000e+00 5.46219483e+03]
 [1.19678917e+05 0.00000000e+00 1.10606439e+05 0.00000000e+00
  0.00000000e+00 0.00000000e+00 0.00000000e+00 1.05830541e+05]
 [2.14766906e+05 0.00000000e+00 1.98485657e+05 0.00000000e+00
  0.00000000e+00 0.00000000e+00 0.00000000e+00 1.89914932e+05]
 [1.53213031e+04 0.00000000e+00 1.41603417e+04 0.00000000e+00
  0.00000000e+00 0.00000000e+00 0.00000000e+00 1.35492084e+04]
 [1.02517064e+05 0.00000000e+00 9.47456535e+04 0.00000000e+00
  0.00000000e+00 0.00000000e+00 0.00000000e+00 9.06546606e+04]
 [2.20075721e+04 0.00000000e+00 2.03397140e+04 0.00000000e+00
  0.00000000e+00 0.00000000e+00 0.00000000e+00 1.94617412e+04]
 [8.37403061e+04 0.00000000e+00 7.73923915e+04 0.00000000e+00
  0.00000000e+00 0.00000000e+00 0.00000000e+00 7.40507525e+04]]
sess.run(layer_2_kernel_0):[[ 2.4767973   1.77661689 -0.73451283  2.10018571]
 [-0.09154424  0.27699132 -0.6400436  -0.47573682]
 [ 2.05613106  2.19465179  0.39043577  1.71760485]
 [ 0.57654535  0.12766441 -0.37564136 -0.6412692 ]
 [-0.55551585 -0.18022141  0.16797002 -0.01611801]
 [-0.53990743  0.11554752  0.54295472 -0.46544289]
 [ 0.68579059  0.33005088 -0.42524241 -0.40248312]
 [ 1.41518158  1.50214994  0.42210151  1.69204433]]
sess.run(layer_2_bias_0):[ 6.39304798  5.9254169  -1.65056207  5.91660765]
sess.run(y_2):[[4.80983122e+01 4.43314120e+01 0.00000000e+00 4.45722085e+01]
 [3.47701916e+04 3.17111781e+04 0.00000000e+00 3.20236164e+04]
 [6.73617578e+05 6.14345471e+05 0.00000000e+00 6.20401991e+05]
 [1.20881713e+06 1.10245205e+06 0.00000000e+00 1.11332072e+06]
 [8.62442638e+04 7.86559732e+04 0.00000000e+00 7.94312313e+04]
 [5.77022667e+05 5.26250084e+05 0.00000000e+00 5.31438088e+05]
 [1.23877704e+05 1.12977993e+05 0.00000000e+00 1.14091625e+05]
 [4.71338318e+05 4.29865052e+05 0.00000000e+00 4.34102814e+05]]
sess.run(logits_kernel_0):[[ 1.81882725]
 [ 2.43971633]
 [-0.00447208]
 [ 2.44336438]]
sess.run(logits_bias_0):[5.31448369]
sess.run(logits_output):[[3.09859221e+02]
 [2.18857929e+05]
 [4.23989612e+06]
 [7.60855328e+06]
 [5.42846435e+05]
 [3.63190768e+06]
 [7.79719124e+05]
 [2.96670843e+06]]


[n*1][1*8][8*4][4*1]


