max33558362
max:
[33558362.88276213]
split_time
0:01:36.960553
len_sorted_list21212048
len_waited_list12342384
quick_sort_time
0:01:36.825225
merge_time:
0:00:17.565069
total_sort_time:0:04:16.003761
certifing
(33554432,)
sorted

[33554432*1][1*8][8*4][4*1]


[<tf.Variable 'dense_1/kernel:0' shape=(1, 8) dtype=float64_ref>, <tf.Variable 'dense_1/bias:0' shape=(8,) dtype=float64_ref>, <tf.Variable 'dense_2/kernel:0' shape=(8, 4) dtype=float64_ref>, <tf.Variable 'dense_2/bias:0' shape=(4,) dtype=float64_ref>, <tf.Variable 'logits/kernel:0' shape=(4, 1) dtype=float64_ref>, <tf.Variable 'logits/bias:0' shape=(1,) dtype=float64_ref>]
sess.run(layer_1_kernel_0):[[ 3.63819972 -0.52111626 -0.72303107 -0.07648949 -0.16569151  4.14905786
  -0.24954881  3.61732935]]
sess.run(layer_1_bias_0):[-15.44544263   0.           0.           0.           0.
 -15.1442113    0.         -15.05077991]
sess.run(y_1):[[     0.              0.              0.              0.
       0.              0.              0.              0.        ]
 [  9553.96576033      0.              0.              0.
       0.          10897.95670887      0.           9499.46590929]
 [185609.87025577      0.              0.              0.
       0.         211674.76654574      0.         184545.43331783]
 [333102.12319929      0.              0.              0.
       0.         379877.15718137      0.         331191.60332704]
 [ 23739.37924364      0.              0.              0.
       0.          27075.21627626      0.          23603.50538125]
 [158989.89052378      0.              0.              0.
       0.         181316.94001427      0.         158078.15794903]
 [ 34110.54051953      0.              0.              0.
       0.          38902.64507647      0.          33915.17293872]
 [129865.01028261      0.              0.              0.
       0.         148102.48714795      0.         129120.35132458]]
sess.run(layer_2_kernel_0):[[-0.55348604  3.05726201  3.97023091 -0.65027002]
 [-0.69473939 -0.6732406  -0.15219718 -0.70514615]
 [-0.00614462  0.16484313 -0.13672643 -0.00936526]
 [ 0.24969309 -0.55380961 -0.13983674 -0.19238487]
 [-0.28737853  0.69545856  0.23649495 -0.5319871 ]
 [-0.02114226  3.88808349  3.88840551 -0.00674967]
 [ 0.3142417  -0.45843702 -0.02677906 -0.59067947]
 [-0.29848466  4.10268201  3.29578132  0.30085039]]
sess.run(layer_2_bias_0):[  0.         -15.2651961  -15.06395418  -0.12738131]
sess.run(y_2):[[      0.               0.               0.               0.        ]
 [      0.          110539.16477567  111600.22335168       0.        ]
 [      0.         2147583.1334511  2168197.69902153       0.        ]
 [      0.         3854133.13611078 3891128.80976062       0.        ]
 [      0.          274670.61530639  277307.16538642       0.        ]
 [      0.         1839578.30217474 1857236.34117271       0.        ]
 [      0.          394669.49626273  398457.91100262       0.        ]
 [      0.         1502590.67427503 1517013.98194637       0.        ]]
sess.run(logits_kernel_0):[[-0.18226328]
 [ 4.17488725]
 [ 3.76130586]
 [-0.41459613]]
sess.run(logits_bias_0):[-15.14287149]
sess.run(logits_output):[[-1.51428715e+01]
 [ 8.81235981e+05]
 [ 1.71211570e+07]
 [ 3.07262817e+07]
 [ 2.18974077e+06]
 [ 1.46656508e+07]
 [ 3.14640758e+06]
 [ 1.19790851e+07]]
