[<tf.Variable 'dense_1/kernel:0' shape=(1, 8) dtype=float64_ref>, <tf.Variable 'dense_1/bias:0' shape=(8,) dtype=float64_ref>, <tf.Variable 'dense_2/kernel:0' shape=(8, 4) dtype=float64_ref>, <tf.Variable 'dense_2/bias:0' shape=(4,) dtype=float64_ref>, <tf.Variable 'logits/kernel:0' shape=(4, 1) dtype=float64_ref>, <tf.Variable 'logits/bias:0' shape=(1,) dtype=float64_ref>]
sess.run(layer_1_kernel_0):[[ 0.71559712 -0.26968716 -0.39930972  0.6651248   1.07174805 -0.25924785
  -0.28499547  1.12208913]]
sess.run(layer_1_bias_0):[36.04810216  0.          0.         36.30943355 36.3964662   0.
  0.         36.10353658]
sess.run(y_1):[[3.61601096e+01 0.00000000e+00 0.00000000e+00 3.64135409e+01
  3.65642194e+01 0.00000000e+00 0.00000000e+00 3.62791693e+01]
 [1.91825458e+03 0.00000000e+00 0.00000000e+00 1.78576059e+03
  2.85537250e+03 0.00000000e+00 0.00000000e+00 2.98748968e+03]
 [3.65466719e+04 0.00000000e+00 0.00000000e+00 3.39717749e+04
  5.47182683e+04 0.00000000e+00 0.00000000e+00 5.72864372e+04]
 [6.55569076e+04 0.00000000e+00 0.00000000e+00 6.09358678e+04
  9.81668272e+04 0.00000000e+00 0.00000000e+00 1.02775818e+05]
 [4.70838207e+03 0.00000000e+00 0.00000000e+00 4.37909549e+03
  7.03413960e+03 0.00000000e+00 0.00000000e+00 7.36253762e+03]
 [3.13107909e+04 0.00000000e+00 0.00000000e+00 2.91051898e+04
  4.68765021e+04 0.00000000e+00 0.00000000e+00 4.90763355e+04]
 [6.74828469e+03 0.00000000e+00 0.00000000e+00 6.27512020e+03
  1.00892968e+04 0.00000000e+00 0.00000000e+00 1.05611985e+04]
 [2.55822213e+04 0.00000000e+00 0.00000000e+00 2.37806662e+04
  3.82968374e+04 0.00000000e+00 0.00000000e+00 4.00936754e+04]]
sess.run(layer_2_kernel_0):[[-0.63930808  0.23597197  1.23985507 -0.52695599]
 [-0.03456012  0.45903756 -0.10153364  0.24710834]
 [ 0.07936796 -0.28537772  0.32034412  0.49231805]
 [ 0.68207865  1.07362476  0.83008972 -0.5800488 ]
 [-0.46083065  1.38475146  0.51627637  0.63579959]
 [ 0.69805712 -0.13805225 -0.3864249   0.24885042]
 [ 0.26572124 -0.29698774 -0.30008914  0.18099623]
 [-0.3942065   0.46191711  0.97413253 -0.19413217]]
sess.run(layer_2_bias_0):[ 0.         36.26520676 35.8366175   0.        ]
sess.run(y_2):[[0.00000000e+00 1.51282783e+02 1.65114380e+02 0.00000000e+00]
 [0.00000000e+00 7.74011014e+03 8.28090801e+03 0.00000000e+00]
 [0.00000000e+00 1.47365981e+05 1.57602365e+05 0.00000000e+00]
 [0.00000000e+00 2.64338680e+05 2.82697619e+05 0.00000000e+00]
 [0.00000000e+00 1.89902339e+04 2.03122376e+04 0.00000000e+00]
 [0.00000000e+00 1.26254290e+05 1.35024683e+05 0.00000000e+00]
 [0.00000000e+00 2.72153624e+04 2.91085169e+04 0.00000000e+00]
 [0.00000000e+00 1.03156021e+05 1.10322475e+05 0.00000000e+00]]
sess.run(logits_kernel_0):[[ 1.0285468 ]
 [ 0.76530144]
 [ 1.45881269]
 [-0.78318963]]
sess.run(logits_bias_0):[35.69764809]
sess.run(logits_output):[[3.92345533e+02]
 [1.80395088e+04]
 [3.42727425e+05]
 [6.14737344e+05]
 [4.42007009e+04]
 [2.93634009e+05]
 [6.33275274e+04]
 [2.39920976e+05]]



length-keys_list:67108864
predict_time:0:00:47.654151
max67097230
max:
[67097230.17866129]
split_time
0:02:46.043119
len_sorted_list42416872
len_waited_list24691992
quick_sort_time
0:02:50.448870
merge_time:
0:00:30.163284
total_sort_time:0:07:21.970146
certifing
(67108864,)
sorted

